output_root = wmap9
get_scalar_cls = T
get_vector_cls = F
get_tensor_cls = F
CMB_outputscale = 7.42835025e12
get_transfer = F
accuracy_boost =    1.00000000000000
l_accuracy_boost =    1.000000
high_accuracy_default =  F
do_nonlinear =            0
l_max_scalar = 2600
k_eta_max_scalar = 5200
do_lensing = T
lensing_method =            1
w =   -1.00000000000000
cs2_lam =    1.00000000000000
hubble = 0.70E+02
use_physical = T
ombh2 = 0.2264E-01
omch2 = 0.1138E+00
omnuh2 = 0
omk = 0
temp_cmb = 2.7255
helium_fraction = 0.24
massless_neutrinos = 3.046
nu_mass_eigenstates =            1
massive_neutrinos = 0
DebugParam =   0.000000000000000E+000
Alens =    1.00000000000000
reionization = T
re_use_optical_depth = T
re_optical_depth = 0.89E-01
re_delta_redshift = 0.5
re_ionization_frac =   -1.00000000000000
pivot_scalar = 0.002
pivot_tensor = 0.002
initial_power_num = 1
scalar_spectral_index(1) = 0.9720E+00
scalar_nrun(1) =   0.000000000000000E+000
scalar_nrunrun(1) =   0.000000000000000E+000
scalar_amp(1) = 2.41e-09
RECFAST_fudge_He =   0.860000000000000
RECFAST_Heswitch =            6
RECFAST_Hswitch =  T
RECFAST_fudge =    1.14000000000000
AGauss1 =  -0.140000000000000
AGauss2 =   7.900000000000000E-002
zGauss1 =    7.28000000000000
zGauss2 =    6.73000000000000
wGauss1 =   0.180000000000000
wGauss2 =   0.330000000000000
do_lensing_bispectrum =  F
do_primordial_bispectrum =  F
initial_condition = 1
scalar_output_file = scalCls.dat
lensed_output_file = lensedCls.dat
accurate_polarization =  T
accurate_reionization = T
accurate_BB = T
derived_parameters =  T
version_check = Apr14
do_late_rad_truncation =  T
do_tensor_neutrinos =  T
feedback_level =            0
massive_nu_approx =            3
number_of_threads = 12
use_spline_template =  T
l_sample_boost =    1.00000000000000
